-6.866022694364760925e-02
-8.436700465028515450e-02
-8.811821361614582959e-02
-9.534046553281072534e-02
-1.165363256409161219e-01
-1.323394099757430609e-01
-1.519955257670787541e-01
-1.836294722946242575e-01
-2.226974168409188160e-01
-2.590425487586032749e-01
-3.075644929604405275e-01
-3.543553181824876663e-01
-4.140095433052889407e-01
-4.733255147913641991e-01
-5.210696239840051369e-01
-5.680536827677409306e-01
-5.988780689641625132e-01
-6.105258135756458371e-01
-6.101091508501577110e-01
-5.924401215944777865e-01
-5.559107313602085210e-01
-5.147391000349419432e-01
-4.581095778141166530e-01
-3.896634175544605450e-01
-3.262639574172787604e-01
-2.656539220906613541e-01
-2.214538042428192688e-01
-1.815882151329211713e-01
-1.468888919085071521e-01
-1.210767894497151997e-01
-1.038288139176226088e-01
-8.151373155866950548e-02
-6.876518965204386769e-02
-7.011302562783672254e-02
